1 0.810833 0.452229 0.111667 0.16879
1 0.557917 0.839968 0.1425 0.218153
1 0.847917 0.894108 0.145833 0.211783
1 0.300417 0.764331 0.1225 0.175159
1 0.250417 0.530255 0.110833 0.191083
1 0.0604167 0.616242 0.100833 0.159236
1 0.146667 0.366242 0.0766667 0.121019
1 0.274583 0.214968 0.0775 0.127389
1 0.3125 0.394108 0.0866667 0.125796
1 0.0933333 0.165605 0.065 0.10828
1 0.470417 0.159236 0.0708333 0.0828025
2 0.639167 0.624204 0.0316667 0.124204
1 0.315417 0.0828025 0.0591667 0.0828025
1 0.569167 0.138535 0.065 0.089172
